1000 1181
174 291
259 418
140 663
742 621
5 278
689 399
282 434
170 107
10 889
317 80
145 191
954 220
678 74
207 47
597 438
736 272
78 4
835 179
62 371
990 163
682 829
376 501
52 580
629 868
544 409
539 505
593 425
649 422
91 286
928 538
133 3
855 904
30 12
221 488
17 24
58 845
161 127
337 43
232 234
147 50
514 391
61 100
200 998
38 30
607 920
42 335
228 209
857 510
469 257
153 62
122 16
791 352
737 24
321 107
404 246
68 33
93 29
459 765
34 31
730 211
49 15
82 294
13 87
234 881
974 66
245 136
915 515
96 379
767 296
993 570
713 762
119 554
141 296
192 779
251 13
944 627
463 20
583 787
470 894
887 666
412 199
409 419
32 36
303 906
964 67
5 7
142 58
670 385
654 738
629 730
638 392
879 723
11 576
431 391
387 321
18 209
910 306
705 311
502 380
2 6
477 73
53 685
211 268
115 555
27 158
505 615
439 142
347 185
5 309
388 352
328 383
12 577
253 71
69 59
296 443
753 833
920 514
199 590
105 198
732 247
535 105
96 149
752 443
258 775
273 828
367 127
274 542
56 5
474 38
418 518
204 995
146 276
982 170
25 363
777 227
16 124
361 6
722 87
417 98
2 61
895 114
188 458
343 532
15 35
201 141
773 902
900 324
404 633
270 921
941 499
738 758
114 563
769 208
92 93
22 205
527 158
392 558
39 19
59 182
796 773
325 313
225 12
937 95
770 725
2 63
318 476
82 601
471 172
27 470
745 57
9 31
624 613
105 50
43 16
261 473
303 740
580 697
89 187
917 240
309 18
518 723
98 20
3 143
228 512
391 264
244 267
102 461
246 131
312 822
228 360
963 189
739 304
899 471
398 285
293 274
621 230
34 108
298 320
981 190
605 368
54 382
863 414
715 293
659 73
65 118
555 625
616 457
221 215
328 496
124 585
635 337
10 462
144 206
264 117
641 365
121 8
380 290
80 695
11 46
7 929
255 71
844 865
159 177
247 235
435 215
698 219
551 319
621 925
975 505
119 808
248 599
701 289
186 327
321 456
9 939
20 84
310 261
230 221
771 126
249 554
606 4
832 5
675 179
263 970
75 987
98 229
428 183
9 5
10 13
803 384
175 519
521 647
882 905
89 898
212 819
442 82
534 560
820 459
482 668
634 954
786 364
862 541
708 264
392 201
282 927
766 37
116 239
992 8
213 173
95 169
570 844
287 754
8 7
687 568
429 78
658 58
148 99
978 532
58 75
958 378
573 240
21 55
797 952
146 171
186 444
326 453
302 296
475 679
317 695
64 289
380 716
385 847
431 860
29 2
27 284
137 19
149 853
607 514
623 314
870 19
439 652
759 329
636 311
49 95
718 547
522 482
80 823
381 218
535 567
620 674
242 131
984 75
203 85
523 859
589 824
925 742
484 23
43 57
664 335
394 271
439 968
933 107
67 403
3 17
369 364
12 66
57 299
913 624
232 68
103 16
452 442
1000 327
20 216
55 438
361 215
516 36
40 203
170 370
788 718
62 537
138 39
60 72
362 142
38 82
418 520
506 331
851 121
146 70
104 445
717 2
89 401
16 23
637 17
381 734
280 39
225 983
182 199
36 339
487 583
142 652
16 57
10 1
351 258
386 328
75 705
295 173
432 956
385 942
340 107
104 788
305 234
632 733
581 772
67 35
44 35
150 144
377 350
112 85
306 266
288 230
14 330
48 22
170 262
934 94
5 1
997 35
102 156
473 903
147 756
144 328
272 318
71 119
503 247
82 134
262 982
77 14
479 464
646 394
26 14
465 550
217 547
500 238
603 263
408 318
7 766
73 912
60 30
1 329
568 643
3 218
672 184
801 405
577 323
666 800
172 916
50 74
357 423
253 505
252 117
349 100
211 629
893 409
225 287
472 52
74 235
221 593
238 254
316 49
43 297
447 166
495 336
39 285
45 699
451 158
591 267
848 784
50 995
156 565
586 40
166 997
285 194
957 13
873 321
96 19
163 138
930 213
830 488
972 878
505 292
97 106
578 423
126 55
188 202
4 905
74 897
52 1
114 303
931 121
131 271
62 107
720 837
28 821
397 238
816 842
684 542
3 185
42 3
500 620
992 522
366 178
63 239
59 319
332 799
182 411
220 571
878 660
211 977
215 6
39 109
7 37
82 390
610 725
774 172
295 40
256 322
35 688
369 735
902 796
989 855
826 901
523 21
75 311
491 202
131 404
166 35
296 357
582 568
641 940
711 398
794 64
907 850
220 973
978 343
176 27
18 7
135 341
18 969
272 436
261 605
517 608
56 376
342 136
81 72
897 503
499 298
669 158
600 274
199 464
104 217
816 69
556 293
513 435
831 326
378 268
71 553
216 728
234 399
16 6
559 504
208 538
538 579
709 650
165 172
535 557
707 499
36 846
755 187
487 123
421 287
483 271
680 435
129 60
131 211
373 176
896 889
545 721
293 359
511 314
402 318
527 627
257 760
751 16
543 640
396 549
88 29
937 169
413 449
142 658
30 40
353 14
39 194
613 51
302 364
332 863
583 648
748 542
640 811
552 180
951 259
241 249
825 6
661 420
3 821
175 36
131 646
319 960
568 6
519 570
876 976
841 756
110 38
490 277
253 575
337 543
131 977
432 533
337 466
441 119
743 78
431 514
692 845
243 221
681 339
14 10
190 355
140 66
632 603
452 814
260 831
440 247
468 335
619 489
869 31
248 602
707 941
244 455
39 804
6 817
210 60
818 79
469 760
358 900
151 35
950 784
50 40
304 706
201 874
556 642
269 266
504 308
677 798
368 261
70 132
70 736
64 377
348 119
282 988
664 3
181 617
263 78
405 16
47 572
764 438
165 88
303 563
17 20
198 454
83 67
761 58
169 581
286 34
970 78
331 98
70 117
21 20
729 836
347 494
357 767
991 282
432 935
68 278
173 40
274 935
72 769
784 494
210 72
441 631
133 178
144 167
22 611
33 574
639 74
384 108
789 494
44 653
365 352
858 572
178 258
64 350
701 64
771 55
316 545
402 476
80 10
806 490
54 90
189 44
260 326
191 676
572 58
864 70
335 588
313 420
694 837
876 158
352 961
324 358
936 733
296 364
860 996
292 584
248 964
703 379
318 609
381 856
169 998
332 406
323 38
108 875
801 16
132 127
102 16
962 91
933 387
694 416
908 53
312 73
893 419
128 81
454 525
564 371
372 98
29 92
17 114
41 30
454 460
850 892
776 971
260 389
66 111
1 759
827 57
119 241
480 700
34 73
322 626
2 3
61 159
452 838
524 877
946 127
63 277
807 80
514 712
702 475
27 136
308 470
462 985
999 318
161 193
135 275
64 924
686 151
12 886
526 486
456 529
115 51
618 124
499 169
94 21
710 2
181 74
74 147
7 281
433 134
257 437
733 744
778 321
622 932
146 272
274 109
628 563
172 195
413 121
50 535
375 319
35 779
16 71
630 514
744 826
463 98
842 59
369 786
602 727
753 35
543 466
123 787
99 196
98 219
354 938
580 667
328 840
698 904
266 352
509 96
790 9
531 518
165 1
945 908
5 813
334 450
205 224
82 314
677 558
380 987
916 195
888 452
911 83
67 54
681 36
1 472
454 105
365 791
871 55
180 15
18 228
164 174
233 41
720 694
47 43
530 266
703 7
793 310
282 465
508 323
714 407
343 400
70 55
125 726
818 63
170 746
531 923
914 194
410 76
642 293
510 152
327 521
155 71
283 313
505 966
365 485
59 571
431 996
819 39
428 655
238 73
135 88
750 634
283 135
481 214
254 650
467 783
566 370
9 48
251 343
16 484
948 567
176 333
594 51
304 293
104 59
195 546
622 105
12 11
220 634
331 354
734 3
214 590
127 117
480 174
428 909
43 635
40 682
673 64
208 72
119 507
503 980
691 291
41 89
253 292
680 215
473 7
374 588
731 482
255 119
75 290
730 773
665 339
227 119
50 528
64 51
981 355
16 553
65 148
467 145
190 891
3 4
389 562
274 432
158 790
284 308
534 418
399 604
35 54
103 683
785 28
644 484
949 693
228 300
645 943
519 541
635 861
324 870
393 180
535 948
254 709
809 83
569 525
515 131
583 792
184 115
813 795
660 71
104 236
690 386
229 493
416 240
346 666
834 486
199 411
214 199
972 71
4 11
8 931
102 751
448 383
223 43
398 890
430 379
9 795
884 767
175 186
222 147
5 33
589 60
135 259
598 331
4 65
212 768
688 653
406 414
374 335
888 814
91 346
596 135
524 146
182 334
212 231
154 307
958 268
137 324
315 185
226 135
688 986
268 595
913 35
44 188
145 34
103 131
296 955
762 21
106 266
155 256
85 40
326 926
396 657
250 221
233 89
671 568
82 139
94 713
587 225
240 761
231 486
735 959
22 32
58 240
11 225
659 312
413 883
11 45
144 117
951 560
273 265
832 56
805 812
153 537
16 120
155 651
167 150
314 776
755 802
233 614
160 248
90 610
561 483
157 36
57 154
95 316
49 781
526 815
58 47
536 171
16 86
999 609
747 73
351 775
204 475
425 250
991 465
573 426
47 297
782 253
409 256
53 31
654 38
35 192
426 240
76 729
160 704
76 50
515 797
407 103
234 457
221 830
810 103
1 2
630 994
217 257
855 698
220 174
482 8
172 179
120 817
569 850
4 882
149 509
200 169
186 656
843 622
59 1
710 159
168 63
321 529
225 332
592 136
4 133
953 22
322 459
548 331
97 91
892 454
510 149
587 983
304 359
63 116
328 117
586 682
924 794
240 345
885 184
328 424
922 100
370 396
805 548
635 780
764 55
171 276
158 749
228 301
513 719
3 28
918 119
498 165
151 724
88 275
35 51
687 671
103 124
39 212
597 839
99 65
200 344
184 594
446 402
789 347
869 145
237 31
244 126
256 820
380 385
186 190
909 90
512 880
854 285
63 79
50 204
338 163
514 947
645 385
58 692
809 911
164 104
67 160
261 7
696 406
852 414
101 44
495 864
568 717
291 480
71 256
15 5
221 621
264 282
616 881
829 867
116 517
113 106
27 9
113 962
497 389
339 356
79 125
4 130
299 827
265 227
179 165
746 62
849 515
936 632
486 866
539 966
344 415
270 184
298 169
50 693
979 484
643 763
601 139
752 955
351 612
649 179
887 91
336 70
260 20
384 492
540 402
139 478
15 62
22 9
400 957
34 91
162 118
971 314
197 192
741 279
965 879
967 704
6 279
149 152
422 179
489 283
237 919
836 76
224 22
631 808
101 188
213 757
19 8
25 427
253 872
662 90
44 141
258 395
433 82
25 1
183 90
620 747
352 306
18 123
